SERIE_INITIAL_DATA: 2010 1 01 0 0 0
TIME_UNITS: SECONDS     
seconds YY MM DD Kc  
<BeginTimeSerie>      
0 2010 1 1 0.4
86400 2010 1 2 0.4
172800 2010 1 3 0.4
259200 2010 1 4 0.4
345600 2010 1 5 0.4
432000 2010 1 6 0.4
518400 2010 1 7 0.4
604800 2010 1 8 0.4
691200 2010 1 9 0.4
777600 2010 1 10 0.4
864000 2010 1 11 0.4
950400 2010 1 12 0.4
1036800 2010 1 13 0.4
1123200 2010 1 14 0.4
1209600 2010 1 15 0.4
1296000 2010 1 16 0.4
1382400 2010 1 17 0.4
1468800 2010 1 18 0.4
1555200 2010 1 19 0.4
1641600 2010 1 20 0.4
1728000 2010 1 21 0.4
1814400 2010 1 22 0.4
1900800 2010 1 23 0.4
1987200 2010 1 24 0.4
2073600 2010 1 25 0.4
2160000 2010 1 26 0.4
2246400 2010 1 27 0.4
2332800 2010 1 28 0.4
2419200 2010 1 29 0.4
2505600 2010 1 30 0.4
2592000 2010 1 31 0.4
2678400 2010 2 1 0.4
2764800 2010 2 2 0.4
2851200 2010 2 3 0.4
2937600 2010 2 4 0.4
3024000 2010 2 5 0.4
3110400 2010 2 6 0.4
3196800 2010 2 7 0.4
3283200 2010 2 8 0.4
3369600 2010 2 9 0.4
3456000 2010 2 10 0.4
3542400 2010 2 11 0.4
3628800 2010 2 12 0.4
3715200 2010 2 13 0.4
3801600 2010 2 14 0.4
3888000 2010 2 15 0.4
3974400 2010 2 16 0.4
4060800 2010 2 17 0.4
4147200 2010 2 18 0.4
4233600 2010 2 19 0.4
4320000 2010 2 20 0.4
4406400 2010 2 21 0.4
4492800 2010 2 22 0.4
4579200 2010 2 23 0.4
4665600 2010 2 24 0.4
4752000 2010 2 25 0.4
4838400 2010 2 26 0.4
4924800 2010 2 27 0.4
5011200 2010 2 28 0.4
5097600 2010 3 1 0.4
5184000 2010 3 2 0.4
5270400 2010 3 3 0.4
5356800 2010 3 4 0.4
5443200 2010 3 5 0.4
5529600 2010 3 6 0.4
5616000 2010 3 7 0.4
5702400 2010 3 8 0.4
5788800 2010 3 9 0.4
5875200 2010 3 10 0.4
5961600 2010 3 11 0.4
6048000 2010 3 12 0.4
6134400 2010 3 13 0.4
6220800 2010 3 14 0.4
6307200 2010 3 15 0.4
6393600 2010 3 16 0.4
6480000 2010 3 17 0.4
6566400 2010 3 18 0.4
6652800 2010 3 19 0.4
6739200 2010 3 20 0.4
6825600 2010 3 21 0.4
6912000 2010 3 22 0.4
6998400 2010 3 23 0.4
7084800 2010 3 24 0.4
7171200 2010 3 25 0.4
7257600 2010 3 26 0.4
7344000 2010 3 27 0.4
7430400 2010 3 28 0.4
7516800 2010 3 29 0.4
7603200 2010 3 30 0.4
7689600 2010 3 31 0.4
7776000 2010 4 1 0.4
7862400 2010 4 2 0.4
7948800 2010 4 3 0.4
8035200 2010 4 4 0.4
8121600 2010 4 5 0.4
8208000 2010 4 6 0.4
8294400 2010 4 7 0.4
8380800 2010 4 8 0.4
8467200 2010 4 9 0.4
8553600 2010 4 10 0.4
8640000 2010 4 11 0.4
8726400 2010 4 12 0.4
8812800 2010 4 13 0.4
8899200 2010 4 14 0.4
8985600 2010 4 15 0.4
9072000 2010 4 16 0.4
9158400 2010 4 17 0.4
9244800 2010 4 18 0.4
9331200 2010 4 19 0.4
9417600 2010 4 20 0.4
9504000 2010 4 21 0.4
9590400 2010 4 22 0.4
9676800 2010 4 23 0.4
9763200 2010 4 24 0.4
9849600 2010 4 25 0.4
9936000 2010 4 26 0.4
10022400 2010 4 27 0.4
10108800 2010 4 28 0.4
10195200 2010 4 29 0.4
10281600 2010 4 30 0.4
10368000 2010 5 1 0.4
10454400 2010 5 2 0.4
10540800 2010 5 3 0.4
10627200 2010 5 4 0.4
10713600 2010 5 5 0.4
10800000 2010 5 6 0.4
10886400 2010 5 7 0.4
10972800 2010 5 8 0.4
11059200 2010 5 9 0.4
11145600 2010 5 10 0.4
11232000 2010 5 11 0.4
11318400 2010 5 12 0.4
11404800 2010 5 13 0.4
11491200 2010 5 14 0.4
11577600 2010 5 15 0.4
11664000 2010 5 16 0.4
11750400 2010 5 17 0.4
11836800 2010 5 18 0.4
11923200 2010 5 19 0.4
12009600 2010 5 20 0.4
12096000 2010 5 21 0.4
12182400 2010 5 22 0.4
12268800 2010 5 23 0.4
12355200 2010 5 24 0.4
12441600 2010 5 25 0.4
12528000 2010 5 26 0.4
12614400 2010 5 27 0.4
12700800 2010 5 28 0.4
12787200 2010 5 29 0.4
12873600 2010 5 30 0.4
12960000 2010 5 31 0.4
13046400 2010 6 1 0.4
13132800 2010 6 2 0.4
13219200 2010 6 3 0.4
13305600 2010 6 4 0.4
13392000 2010 6 5 0.4
13478400 2010 6 6 0.4
13564800 2010 6 7 0.4
13651200 2010 6 8 0.4
13737600 2010 6 9 0.4
13824000 2010 6 10 0.4
13910400 2010 6 11 0.4
13996800 2010 6 12 0.4
14083200 2010 6 13 0.4
14169600 2010 6 14 0.4
14256000 2010 6 15 0.4
14342400 2010 6 16 0.4
14428800 2010 6 17 0.4
14515200 2010 6 18 0.4
14601600 2010 6 19 0.4
14688000 2010 6 20 0.4
14774400 2010 6 21 0.4
14860800 2010 6 22 0.4
14947200 2010 6 23 0.4
15033600 2010 6 24 0.4
15120000 2010 6 25 0.4
15206400 2010 6 26 0.4
15292800 2010 6 27 0.4
15379200 2010 6 28 0.4
15465600 2010 6 29 0.4
15552000 2010 6 30 0.4
15638400 2010 7 1 0.4
15724800 2010 7 2 0.4
15811200 2010 7 3 0.4
15897600 2010 7 4 0.4
15984000 2010 7 5 0.4
16070400 2010 7 6 0.4
16156800 2010 7 7 0.4
16243200 2010 7 8 0.4
16329600 2010 7 9 0.4
16416000 2010 7 10 0.4
16502400 2010 7 11 0.4
16588800 2010 7 12 0.4
16675200 2010 7 13 0.4
16761600 2010 7 14 0.4
16848000 2010 7 15 0.4
16934400 2010 7 16 0.4
17020800 2010 7 17 0.4
17107200 2010 7 18 0.4
17193600 2010 7 19 0.4
17280000 2010 7 20 0.4
17366400 2010 7 21 0.4
17452800 2010 7 22 0.4
17539200 2010 7 23 0.4
17625600 2010 7 24 0.4
17712000 2010 7 25 0.4
17798400 2010 7 26 0.4
17884800 2010 7 27 0.4
17971200 2010 7 28 0.4
18057600 2010 7 29 0.4
18144000 2010 7 30 0.4
18230400 2010 7 31 0.4
18316800 2010 8 1 0.4
18403200 2010 8 2 0.4
18489600 2010 8 3 0.4
18576000 2010 8 4 0.4
18662400 2010 8 5 0.4
18748800 2010 8 6 0.4
18835200 2010 8 7 0.4
18921600 2010 8 8 0.4
19008000 2010 8 9 0.4
19094400 2010 8 10 0.4
19180800 2010 8 11 0.4
19267200 2010 8 12 0.4
19353600 2010 8 13 0.4
19440000 2010 8 14 0.4
19526400 2010 8 15 0.4
19612800 2010 8 16 0.4
19699200 2010 8 17 0.4
19785600 2010 8 18 0.4
19872000 2010 8 19 0.4
19958400 2010 8 20 0.4
20044800 2010 8 21 0.4
20131200 2010 8 22 0.4
20217600 2010 8 23 0.4
20304000 2010 8 24 0.4
20390400 2010 8 25 0.4
20476800 2010 8 26 0.4
20563200 2010 8 27 0.4
20649600 2010 8 28 0.4
20736000 2010 8 29 0.4
20822400 2010 8 30 0.4
20908800 2010 8 31 0.4
20995200 2010 9 1 0.4
21081600 2010 9 2 0.4
21168000 2010 9 3 0.4
21254400 2010 9 4 0.4
21340800 2010 9 5 0.4
21427200 2010 9 6 0.4
21513600 2010 9 7 0.4
21600000 2010 9 8 0.4
21686400 2010 9 9 0.4
21772800 2010 9 10 0.4
21859200 2010 9 11 0.4
21945600 2010 9 12 0.4
22032000 2010 9 13 0.4
22118400 2010 9 14 0.4
22204800 2010 9 15 0.4
22291200 2010 9 16 0.4
22377600 2010 9 17 0.4
22464000 2010 9 18 0.4
22550400 2010 9 19 0.4
22636800 2010 9 20 0.4
22723200 2010 9 21 0.4
22809600 2010 9 22 0.4
22896000 2010 9 23 0.4
22982400 2010 9 24 0.4
23068800 2010 9 25 0.4
23155200 2010 9 26 0.4
23241600 2010 9 27 0.4
23328000 2010 9 28 0.4
23414400 2010 9 29 0.4
23500800 2010 9 30 0.4
23587200 2010 10 1 0.4
23673600 2010 10 2 0.4
23760000 2010 10 3 0.4
23846400 2010 10 4 0.4
23932800 2010 10 5 0.4
24019200 2010 10 6 0.4
24105600 2010 10 7 0.4
24192000 2010 10 8 0.4
24278400 2010 10 9 0.4
24364800 2010 10 10 0.4
24451200 2010 10 11 0.4
24537600 2010 10 12 0.4
24624000 2010 10 13 0.4
24710400 2010 10 14 0.4
24796800 2010 10 15 0.4
24883200 2010 10 16 0.4
24969600 2010 10 17 0.4
25056000 2010 10 18 0.4
25142400 2010 10 19 0.4
25228800 2010 10 20 0.4
25315200 2010 10 21 0.4
25401600 2010 10 22 0.4
25488000 2010 10 23 0.4
25574400 2010 10 24 0.4
25660800 2010 10 25 0.4
25747200 2010 10 26 0.4
25833600 2010 10 27 0.4
25920000 2010 10 28 0.4
26006400 2010 10 29 0.4
26092800 2010 10 30 0.4
26179200 2010 10 31 0.4
26265600 2010 11 1 0.3
26352000 2010 11 2 0.3
26438400 2010 11 3 0.3
26524800 2010 11 4 0.3
26611200 2010 11 5 0.3
26697600 2010 11 6 0.3
26784000 2010 11 7 0.3
26870400 2010 11 8 0.3
26956800 2010 11 9 0.3
27043200 2010 11 10 0.3
27129600 2010 11 11 0.317606928186669
27216000 2010 11 12 0.335213856373338
27302400 2010 11 13 0.352820784560007
27388800 2010 11 14 0.370427712746676
27475200 2010 11 15 0.388034640933345
27561600 2010 11 16 0.405641569120013
27648000 2010 11 17 0.423248497306682
27734400 2010 11 18 0.440855425493351
27820800 2010 11 19 0.45846235368002
27907200 2010 11 20 0.476069281866689
27993600 2010 11 21 0.493676210053358
28080000 2010 11 22 0.511283138240027
28166400 2010 11 23 0.528890066426696
28252800 2010 11 24 0.546496994613365
28339200 2010 11 25 0.564103922800034
28425600 2010 11 26 0.581710850986703
28512000 2010 11 27 0.599317779173371
28598400 2010 11 28 0.61692470736004
28684800 2010 11 29 0.634531635546709
28771200 2010 11 30 0.652138563733378
28857600 2010 12 1 0.652138563733378
28944000 2010 12 2 0.652138563733378
29030400 2010 12 3 0.652138563733378
29116800 2010 12 4 0.652138563733378
29203200 2010 12 5 0.652138563733378
29289600 2010 12 6 0.652138563733378
29376000 2010 12 7 0.652138563733378
29462400 2010 12 8 0.652138563733378
29548800 2010 12 9 0.652138563733378
29635200 2010 12 10 0.652138563733378
29721600 2010 12 11 0.652138563733378
29808000 2010 12 12 0.652138563733378
29894400 2010 12 13 0.652138563733378
29980800 2010 12 14 0.652138563733378
30067200 2010 12 15 0.652138563733378
30153600 2010 12 16 0.652138563733378
30240000 2010 12 17 0.652138563733378
30326400 2010 12 18 0.652138563733378
30412800 2010 12 19 0.652138563733378
30499200 2010 12 20 0.652138563733378
30585600 2010 12 21 0.652138563733378
30672000 2010 12 22 0.652138563733378
30758400 2010 12 23 0.652138563733378
30844800 2010 12 24 0.652138563733378
30931200 2010 12 25 0.652138563733378
31017600 2010 12 26 0.652138563733378
31104000 2010 12 27 0.652138563733378
31190400 2010 12 28 0.652138563733378
31276800 2010 12 29 0.652138563733378
31363200 2010 12 30 0.652138563733378
31449600 2010 12 31 0.652138563733378
31536000 2011 1 1 0.652138563733378
31622400 2011 1 2 0.652138563733378
31708800 2011 1 3 0.652138563733378
31795200 2011 1 4 0.652138563733378
31881600 2011 1 5 0.652138563733378
31968000 2011 1 6 0.652138563733378
32054400 2011 1 7 0.652138563733378
32140800 2011 1 8 0.652138563733378
32227200 2011 1 9 0.652138563733378
32313600 2011 1 10 0.652138563733378
32400000 2011 1 11 0.652138563733378
32486400 2011 1 12 0.652138563733378
32572800 2011 1 13 0.652138563733378
32659200 2011 1 14 0.652138563733378
32745600 2011 1 15 0.652138563733378
32832000 2011 1 16 0.652138563733378
32918400 2011 1 17 0.652138563733378
33004800 2011 1 18 0.652138563733378
33091200 2011 1 19 0.652138563733378
33177600 2011 1 20 0.652138563733378
33264000 2011 1 21 0.652138563733378
33350400 2011 1 22 0.652138563733378
33436800 2011 1 23 0.652138563733378
33523200 2011 1 24 0.652138563733378
33609600 2011 1 25 0.652138563733378
33696000 2011 1 26 0.652138563733378
33782400 2011 1 27 0.652138563733378
33868800 2011 1 28 0.652138563733378
33955200 2011 1 29 0.652138563733378
34041600 2011 1 30 0.652138563733378
34128000 2011 1 31 0.652138563733378
34214400 2011 2 1 0.652138563733378
34300800 2011 2 2 0.652138563733378
34387200 2011 2 3 0.652138563733378
34473600 2011 2 4 0.652138563733378
34560000 2011 2 5 0.652138563733378
34646400 2011 2 6 0.652138563733378
34732800 2011 2 7 0.652138563733378
34819200 2011 2 8 0.652138563733378
34905600 2011 2 9 0.652138563733378
34992000 2011 2 10 0.652138563733378
35078400 2011 2 11 0.652138563733378
35164800 2011 2 12 0.652138563733378
35251200 2011 2 13 0.652138563733378
35337600 2011 2 14 0.652138563733378
35424000 2011 2 15 0.652138563733378
35510400 2011 2 16 0.652138563733378
35596800 2011 2 17 0.652138563733378
35683200 2011 2 18 0.652138563733378
35769600 2011 2 19 0.652138563733378
35856000 2011 2 20 0.652138563733378
35942400 2011 2 21 0.652138563733378
36028800 2011 2 22 0.652138563733378
36115200 2011 2 23 0.652138563733378
36201600 2011 2 24 0.652138563733378
36288000 2011 2 25 0.652138563733378
36374400 2011 2 26 0.652138563733378
36460800 2011 2 27 0.652138563733378
36547200 2011 2 28 0.652138563733378
36633600 2011 3 1 0.652138563733378
36720000 2011 3 2 0.652138563733378
36806400 2011 3 3 0.652138563733378
36892800 2011 3 4 0.652138563733378
36979200 2011 3 5 0.652138563733378
37065600 2011 3 6 0.652138563733378
37152000 2011 3 7 0.652138563733378
37238400 2011 3 8 0.652138563733378
37324800 2011 3 9 0.652138563733378
37411200 2011 3 10 0.652138563733378
37497600 2011 3 11 0.652138563733378
37584000 2011 3 12 0.652138563733378
37670400 2011 3 13 0.652138563733378
37756800 2011 3 14 0.652138563733378
37843200 2011 3 15 0.652138563733378
37929600 2011 3 16 0.652138563733378
38016000 2011 3 17 0.652138563733378
38102400 2011 3 18 0.652138563733378
38188800 2011 3 19 0.652138563733378
38275200 2011 3 20 0.652138563733378
38361600 2011 3 21 0.652138563733378
38448000 2011 3 22 0.652138563733378
38534400 2011 3 23 0.652138563733378
38620800 2011 3 24 0.652138563733378
38707200 2011 3 25 0.652138563733378
38793600 2011 3 26 0.652138563733378
38880000 2011 3 27 0.652138563733378
38966400 2011 3 28 0.652138563733378
39052800 2011 3 29 0.652138563733378
39139200 2011 3 30 0.652138563733378
39225600 2011 3 31 0.652138563733378
39312000 2011 4 1 0.652138563733378
39398400 2011 4 2 0.652138563733378
39484800 2011 4 3 0.652138563733378
39571200 2011 4 4 0.652138563733378
39657600 2011 4 5 0.652138563733378
39744000 2011 4 6 0.652138563733378
39830400 2011 4 7 0.652138563733378
39916800 2011 4 8 0.652138563733378
40003200 2011 4 9 0.652138563733378
40089600 2011 4 10 0.652138563733378
40176000 2011 4 11 0.652138563733378
40262400 2011 4 12 0.652138563733378
40348800 2011 4 13 0.652138563733378
40435200 2011 4 14 0.652138563733378
40521600 2011 4 15 0.652138563733378
40608000 2011 4 16 0.652138563733378
40694400 2011 4 17 0.652138563733378
40780800 2011 4 18 0.652138563733378
40867200 2011 4 19 0.652138563733378
40953600 2011 4 20 0.652138563733378
41040000 2011 4 21 0.652138563733378
41126400 2011 4 22 0.652138563733378
41212800 2011 4 23 0.652138563733378
41299200 2011 4 24 0.652138563733378
41385600 2011 4 25 0.652138563733378
41472000 2011 4 26 0.652138563733378
41558400 2011 4 27 0.652138563733378
41644800 2011 4 28 0.652138563733378
41731200 2011 4 29 0.652138563733378
41817600 2011 4 30 0.652138563733378
41904000 2011 5 1 0.652138563733378
41990400 2011 5 2 0.652138563733378
42076800 2011 5 3 0.652138563733378
42163200 2011 5 4 0.652138563733378
42249600 2011 5 5 0.652138563733378
42336000 2011 5 6 0.652138563733378
42422400 2011 5 7 0.652138563733378
42508800 2011 5 8 0.652138563733378
42595200 2011 5 9 0.652138563733378
42681600 2011 5 10 0.652138563733378
42768000 2011 5 11 0.652138563733378
42854400 2011 5 12 0.652138563733378
42940800 2011 5 13 0.652138563733378
43027200 2011 5 14 0.652138563733378
43113600 2011 5 15 0.652138563733378
43200000 2011 5 16 0.652138563733378
43286400 2011 5 17 0.652138563733378
43372800 2011 5 18 0.652138563733378
43459200 2011 5 19 0.652138563733378
43545600 2011 5 20 0.652138563733378
43632000 2011 5 21 0.652138563733378
43718400 2011 5 22 0.652138563733378
43804800 2011 5 23 0.652138563733378
43891200 2011 5 24 0.652138563733378
43977600 2011 5 25 0.652138563733378
44064000 2011 5 26 0.652138563733378
44150400 2011 5 27 0.652138563733378
44236800 2011 5 28 0.652138563733378
44323200 2011 5 29 0.652138563733378
44409600 2011 5 30 0.652138563733378
44496000 2011 5 31 0.652138563733378
44582400 2011 6 1 0.652138563733378
44668800 2011 6 2 0.652138563733378
44755200 2011 6 3 0.652138563733378
44841600 2011 6 4 0.652138563733378
44928000 2011 6 5 0.652138563733378
45014400 2011 6 6 0.652138563733378
45100800 2011 6 7 0.652138563733378
45187200 2011 6 8 0.652138563733378
45273600 2011 6 9 0.652138563733378
45360000 2011 6 10 0.652138563733378
45446400 2011 6 11 0.652138563733378
45532800 2011 6 12 0.652138563733378
45619200 2011 6 13 0.652138563733378
45705600 2011 6 14 0.652138563733378
45792000 2011 6 15 0.652138563733378
45878400 2011 6 16 0.652138563733378
45964800 2011 6 17 0.4
46051200 2011 6 18 0.4
46137600 2011 6 19 0.4
46224000 2011 6 20 0.4
46310400 2011 6 21 0.4
46396800 2011 6 22 0.4
46483200 2011 6 23 0.4
46569600 2011 6 24 0.4
46656000 2011 6 25 0.4
46742400 2011 6 26 0.4
46828800 2011 6 27 0.4
46915200 2011 6 28 0.4
47001600 2011 6 29 0.4
47088000 2011 6 30 0.4
47174400 2011 7 1 0.4
47260800 2011 7 2 0.4
47347200 2011 7 3 0.4
47433600 2011 7 4 0.4
47520000 2011 7 5 0.4
47606400 2011 7 6 0.4
47692800 2011 7 7 0.4
47779200 2011 7 8 0.4
47865600 2011 7 9 0.4
47952000 2011 7 10 0.4
48038400 2011 7 11 0.4
48124800 2011 7 12 0.4
48211200 2011 7 13 0.4
48297600 2011 7 14 0.4
48384000 2011 7 15 0.4
48470400 2011 7 16 0.4
48556800 2011 7 17 0.4
48643200 2011 7 18 0.4
48729600 2011 7 19 0.4
48816000 2011 7 20 0.4
48902400 2011 7 21 0.4
48988800 2011 7 22 0.4
49075200 2011 7 23 0.4
49161600 2011 7 24 0.4
49248000 2011 7 25 0.4
49334400 2011 7 26 0.4
49420800 2011 7 27 0.4
49507200 2011 7 28 0.4
49593600 2011 7 29 0.4
49680000 2011 7 30 0.4
49766400 2011 7 31 0.4
49852800 2011 8 1 0.4
49939200 2011 8 2 0.4
50025600 2011 8 3 0.4
50112000 2011 8 4 0.4
50198400 2011 8 5 0.4
50284800 2011 8 6 0.4
50371200 2011 8 7 0.4
50457600 2011 8 8 0.4
50544000 2011 8 9 0.4
50630400 2011 8 10 0.4
50716800 2011 8 11 0.4
50803200 2011 8 12 0.4
50889600 2011 8 13 0.4
50976000 2011 8 14 0.4
51062400 2011 8 15 0.4
51148800 2011 8 16 0.4
51235200 2011 8 17 0.4
51321600 2011 8 18 0.4
51408000 2011 8 19 0.4
51494400 2011 8 20 0.4
51580800 2011 8 21 0.4
51667200 2011 8 22 0.4
51753600 2011 8 23 0.4
51840000 2011 8 24 0.4
51926400 2011 8 25 0.4
52012800 2011 8 26 0.4
52099200 2011 8 27 0.4
52185600 2011 8 28 0.4
52272000 2011 8 29 0.4
52358400 2011 8 30 0.4
52444800 2011 8 31 0.4
52531200 2011 9 1 0.4
52617600 2011 9 2 0.4
52704000 2011 9 3 0.4
52790400 2011 9 4 0.4
52876800 2011 9 5 0.4
52963200 2011 9 6 0.4
53049600 2011 9 7 0.4
53136000 2011 9 8 0.4
53222400 2011 9 9 0.4
53308800 2011 9 10 0.4
53395200 2011 9 11 0.4
53481600 2011 9 12 0.4
53568000 2011 9 13 0.4
53654400 2011 9 14 0.4
53740800 2011 9 15 0.4
53827200 2011 9 16 0.4
53913600 2011 9 17 0.4
54000000 2011 9 18 0.4
54086400 2011 9 19 0.4
54172800 2011 9 20 0.4
54259200 2011 9 21 0.4
54345600 2011 9 22 0.4
54432000 2011 9 23 0.4
54518400 2011 9 24 0.4
54604800 2011 9 25 0.4
54691200 2011 9 26 0.4
54777600 2011 9 27 0.4
54864000 2011 9 28 0.4
54950400 2011 9 29 0.4
55036800 2011 9 30 0.4
55123200 2011 10 1 0.4
55209600 2011 10 2 0.4
55296000 2011 10 3 0.4
55382400 2011 10 4 0.4
55468800 2011 10 5 0.4
55555200 2011 10 6 0.4
55641600 2011 10 7 0.4
55728000 2011 10 8 0.4
55814400 2011 10 9 0.4
55900800 2011 10 10 0.4
55987200 2011 10 11 0.4
56073600 2011 10 12 0.4
56160000 2011 10 13 0.4
56246400 2011 10 14 0.4
56332800 2011 10 15 0.4
56419200 2011 10 16 0.4
56505600 2011 10 17 0.4
56592000 2011 10 18 0.4
56678400 2011 10 19 0.4
56764800 2011 10 20 0.4
56851200 2011 10 21 0.4
56937600 2011 10 22 0.4
57024000 2011 10 23 0.4
57110400 2011 10 24 0.4
57196800 2011 10 25 0.4
57283200 2011 10 26 0.4
57369600 2011 10 27 0.4
57456000 2011 10 28 0.4
57542400 2011 10 29 0.4
57628800 2011 10 30 0.4
57715200 2011 10 31 0.4
57801600 2011 11 1 0.3
57888000 2011 11 2 0.3
57974400 2011 11 3 0.3
58060800 2011 11 4 0.3
58147200 2011 11 5 0.3
58233600 2011 11 6 0.3
58320000 2011 11 7 0.3
58406400 2011 11 8 0.3
58492800 2011 11 9 0.3
58579200 2011 11 10 0.3
58665600 2011 11 11 0.317912891706182
58752000 2011 11 12 0.335825783412363
58838400 2011 11 13 0.353738675118545
58924800 2011 11 14 0.371651566824726
59011200 2011 11 15 0.389564458530908
59097600 2011 11 16 0.407477350237089
59184000 2011 11 17 0.425390241943271
59270400 2011 11 18 0.443303133649453
59356800 2011 11 19 0.461216025355634
59443200 2011 11 20 0.479128917061816
59529600 2011 11 21 0.497041808767997
59616000 2011 11 22 0.514954700474179
59702400 2011 11 23 0.53286759218036
59788800 2011 11 24 0.550780483886542
59875200 2011 11 25 0.568693375592723
59961600 2011 11 26 0.586606267298905
60048000 2011 11 27 0.604519159005087
60134400 2011 11 28 0.622432050711268
60220800 2011 11 29 0.64034494241745
60307200 2011 11 30 0.658257834123631
60393600 2011 12 1 0.658257834123631
60480000 2011 12 2 0.658257834123631
60566400 2011 12 3 0.658257834123631
60652800 2011 12 4 0.658257834123631
60739200 2011 12 5 0.658257834123631
60825600 2011 12 6 0.658257834123631
60912000 2011 12 7 0.658257834123631
60998400 2011 12 8 0.658257834123631
61084800 2011 12 9 0.658257834123631
61171200 2011 12 10 0.658257834123631
61257600 2011 12 11 0.658257834123631
61344000 2011 12 12 0.658257834123631
61430400 2011 12 13 0.658257834123631
61516800 2011 12 14 0.658257834123631
61603200 2011 12 15 0.658257834123631
61689600 2011 12 16 0.658257834123631
61776000 2011 12 17 0.658257834123631
61862400 2011 12 18 0.658257834123631
61948800 2011 12 19 0.658257834123631
62035200 2011 12 20 0.658257834123631
62121600 2011 12 21 0.658257834123631
62208000 2011 12 22 0.658257834123631
62294400 2011 12 23 0.658257834123631
62380800 2011 12 24 0.658257834123631
62467200 2011 12 25 0.658257834123631
62553600 2011 12 26 0.658257834123631
62640000 2011 12 27 0.658257834123631
62726400 2011 12 28 0.658257834123631
62812800 2011 12 29 0.658257834123631
62899200 2011 12 30 0.658257834123631
62985600 2011 12 31 0.658257834123631
63072000 2012 1 1 0.658257834123631
63158400 2012 1 2 0.658257834123631
63244800 2012 1 3 0.658257834123631
63331200 2012 1 4 0.658257834123631
63417600 2012 1 5 0.658257834123631
63504000 2012 1 6 0.658257834123631
63590400 2012 1 7 0.658257834123631
63676800 2012 1 8 0.658257834123631
63763200 2012 1 9 0.658257834123631
63849600 2012 1 10 0.658257834123631
63936000 2012 1 11 0.658257834123631
64022400 2012 1 12 0.658257834123631
64108800 2012 1 13 0.658257834123631
64195200 2012 1 14 0.658257834123631
64281600 2012 1 15 0.658257834123631
64368000 2012 1 16 0.658257834123631
64454400 2012 1 17 0.658257834123631
64540800 2012 1 18 0.658257834123631
64627200 2012 1 19 0.658257834123631
64713600 2012 1 20 0.658257834123631
64800000 2012 1 21 0.658257834123631
64886400 2012 1 22 0.658257834123631
64972800 2012 1 23 0.658257834123631
65059200 2012 1 24 0.658257834123631
65145600 2012 1 25 0.658257834123631
65232000 2012 1 26 0.658257834123631
65318400 2012 1 27 0.658257834123631
65404800 2012 1 28 0.658257834123631
65491200 2012 1 29 0.658257834123631
65577600 2012 1 30 0.658257834123631
65664000 2012 1 31 0.658257834123631
65750400 2012 2 1 0.658257834123631
65836800 2012 2 2 0.658257834123631
65923200 2012 2 3 0.658257834123631
66009600 2012 2 4 0.658257834123631
66096000 2012 2 5 0.658257834123631
66182400 2012 2 6 0.658257834123631
66268800 2012 2 7 0.658257834123631
66355200 2012 2 8 0.658257834123631
66441600 2012 2 9 0.658257834123631
66528000 2012 2 10 0.658257834123631
66614400 2012 2 11 0.658257834123631
66700800 2012 2 12 0.658257834123631
66787200 2012 2 13 0.658257834123631
66873600 2012 2 14 0.658257834123631
66960000 2012 2 15 0.658257834123631
67046400 2012 2 16 0.658257834123631
67132800 2012 2 17 0.658257834123631
67219200 2012 2 18 0.658257834123631
67305600 2012 2 19 0.658257834123631
67392000 2012 2 20 0.658257834123631
67478400 2012 2 21 0.658257834123631
67564800 2012 2 22 0.658257834123631
67651200 2012 2 23 0.658257834123631
67737600 2012 2 24 0.658257834123631
67824000 2012 2 25 0.658257834123631
67910400 2012 2 26 0.658257834123631
67996800 2012 2 27 0.658257834123631
68083200 2012 2 28 0.658257834123631
68169600 2012 2 29 0.658257834123631
68256000 2012 3 1 0.658257834123631
68342400 2012 3 2 0.658257834123631
68428800 2012 3 3 0.658257834123631
68515200 2012 3 4 0.658257834123631
68601600 2012 3 5 0.658257834123631
68688000 2012 3 6 0.658257834123631
68774400 2012 3 7 0.658257834123631
68860800 2012 3 8 0.658257834123631
68947200 2012 3 9 0.658257834123631
69033600 2012 3 10 0.658257834123631
69120000 2012 3 11 0.658257834123631
69206400 2012 3 12 0.658257834123631
69292800 2012 3 13 0.658257834123631
69379200 2012 3 14 0.658257834123631
69465600 2012 3 15 0.658257834123631
69552000 2012 3 16 0.658257834123631
69638400 2012 3 17 0.658257834123631
69724800 2012 3 18 0.658257834123631
69811200 2012 3 19 0.658257834123631
69897600 2012 3 20 0.658257834123631
69984000 2012 3 21 0.658257834123631
70070400 2012 3 22 0.658257834123631
70156800 2012 3 23 0.658257834123631
70243200 2012 3 24 0.658257834123631
70329600 2012 3 25 0.658257834123631
70416000 2012 3 26 0.658257834123631
70502400 2012 3 27 0.658257834123631
70588800 2012 3 28 0.658257834123631
70675200 2012 3 29 0.658257834123631
70761600 2012 3 30 0.658257834123631
70848000 2012 3 31 0.658257834123631
70934400 2012 4 1 0.658257834123631
71020800 2012 4 2 0.658257834123631
71107200 2012 4 3 0.658257834123631
71193600 2012 4 4 0.658257834123631
71280000 2012 4 5 0.658257834123631
71366400 2012 4 6 0.658257834123631
71452800 2012 4 7 0.658257834123631
71539200 2012 4 8 0.658257834123631
71625600 2012 4 9 0.658257834123631
71712000 2012 4 10 0.658257834123631
71798400 2012 4 11 0.658257834123631
71884800 2012 4 12 0.658257834123631
71971200 2012 4 13 0.658257834123631
72057600 2012 4 14 0.658257834123631
72144000 2012 4 15 0.658257834123631
72230400 2012 4 16 0.658257834123631
72316800 2012 4 17 0.658257834123631
72403200 2012 4 18 0.658257834123631
72489600 2012 4 19 0.658257834123631
72576000 2012 4 20 0.658257834123631
72662400 2012 4 21 0.658257834123631
72748800 2012 4 22 0.658257834123631
72835200 2012 4 23 0.658257834123631
72921600 2012 4 24 0.658257834123631
73008000 2012 4 25 0.658257834123631
73094400 2012 4 26 0.658257834123631
73180800 2012 4 27 0.658257834123631
73267200 2012 4 28 0.658257834123631
73353600 2012 4 29 0.658257834123631
73440000 2012 4 30 0.658257834123631
73526400 2012 5 1 0.658257834123631
73612800 2012 5 2 0.658257834123631
73699200 2012 5 3 0.658257834123631
73785600 2012 5 4 0.658257834123631
73872000 2012 5 5 0.658257834123631
73958400 2012 5 6 0.658257834123631
74044800 2012 5 7 0.658257834123631
74131200 2012 5 8 0.658257834123631
74217600 2012 5 9 0.658257834123631
74304000 2012 5 10 0.658257834123631
74390400 2012 5 11 0.658257834123631
74476800 2012 5 12 0.658257834123631
74563200 2012 5 13 0.658257834123631
74649600 2012 5 14 0.658257834123631
74736000 2012 5 15 0.658257834123631
74822400 2012 5 16 0.658257834123631
74908800 2012 5 17 0.658257834123631
74995200 2012 5 18 0.658257834123631
75081600 2012 5 19 0.658257834123631
75168000 2012 5 20 0.658257834123631
75254400 2012 5 21 0.658257834123631
75340800 2012 5 22 0.658257834123631
75427200 2012 5 23 0.658257834123631
75513600 2012 5 24 0.658257834123631
75600000 2012 5 25 0.658257834123631
75686400 2012 5 26 0.658257834123631
75772800 2012 5 27 0.658257834123631
75859200 2012 5 28 0.658257834123631
75945600 2012 5 29 0.658257834123631
76032000 2012 5 30 0.658257834123631
76118400 2012 5 31 0.658257834123631
76204800 2012 6 1 0.658257834123631
76291200 2012 6 2 0.658257834123631
76377600 2012 6 3 0.658257834123631
76464000 2012 6 4 0.658257834123631
76550400 2012 6 5 0.658257834123631
76636800 2012 6 6 0.658257834123631
76723200 2012 6 7 0.658257834123631
76809600 2012 6 8 0.658257834123631
76896000 2012 6 9 0.658257834123631
76982400 2012 6 10 0.658257834123631
77068800 2012 6 11 0.658257834123631
77155200 2012 6 12 0.658257834123631
77241600 2012 6 13 0.658257834123631
77328000 2012 6 14 0.658257834123631
77414400 2012 6 15 0.658257834123631
77500800 2012 6 16 0.4
77587200 2012 6 17 0.4
77673600 2012 6 18 0.4
77760000 2012 6 19 0.4
77846400 2012 6 20 0.4
77932800 2012 6 21 0.4
78019200 2012 6 22 0.4
78105600 2012 6 23 0.4
78192000 2012 6 24 0.4
78278400 2012 6 25 0.4
78364800 2012 6 26 0.4
78451200 2012 6 27 0.4
78537600 2012 6 28 0.4
78624000 2012 6 29 0.4
78710400 2012 6 30 0.4
78796800 2012 7 1 0.4
78883200 2012 7 2 0.4
78969600 2012 7 3 0.4
79056000 2012 7 4 0.4
<EndTimeSerie>      
